"Brightness change"
Argument	"AKAZE"	"BRISK"	"KAZE"	"ORB"	"SIFT"	"SURF"	
-127	0.271117	0.0251798	0.259705	1	0.0268836	0.145941	
-117	0.288444	0.0238803	0.117736	1	0.00181498	0.0334598	
-107	0.108485	0.00956574	0.0449596	1	0.000836336	0.0052071	
-97	0.0903455	0.00648355	0.0414178	1	7.76144e-005	0.0254583	
-87	0.0833545	0.000760019	0.0447048	0.339094	0.00026916	0.00592314	
-77	0.0811506	0.00100884	0.0194205	5.67709e-013	1.14941e-005	0.00243096	
-67	0.0811236	4.46827e-005	0.0388301	4.48341e-013	6.25548e-006	8.36838e-005	
-57	0.0204698	1.22486e-006	0.00935657	1.96911e-013	5.07028e-006	1.61514e-005	
-47	0.0211885	9.1829e-007	0.00642063	7.3517e-013	2.87126e-006	1.03044e-005	
-37	0.00635133	2.18429e-006	0.000577581	6.74341e-013	3.55978e-006	3.73631e-006	
-27	4.53029e-006	2.00613e-006	2.6153e-005	1.16541e-013	2.84975e-006	2.32019e-007	
-17	1.80623e-005	2.91729e-012	1.39766e-005	3.72926e-013	2.98451e-006	1.21068e-006	
-7	1.07135e-006	9.57699e-013	1.76538e-006	8.38303e-013	4.58054e-006	5.02516e-007	
3	2.98588e-006	1.02871e-012	0.000219209	6.37771e-013	4.53554e-006	1.01213e-006	
13	0.000207578	1.49978e-006	0.00172346	1.51039e-013	1.52944e-006	1.41742e-006	
23	0.000215792	4.43306e-007	3.41298e-005	1.31107e-012	1.21695e-005	6.53453e-006	
33	0.000507238	2.51746e-006	0.00333089	5.67303e-013	5.63337e-006	3.23007e-006	
43	0.0133992	3.36342e-006	0.00148355	3.83091e-013	1.09062e-005	1.63139e-006	
53	0.000225237	7.28426e-007	0.000910145	3.49183e-013	1.25429e-005	7.02885e-006	
63	0.00583218	1.01174e-006	0.00181373	2.1098e-012	7.50613e-006	8.90765e-006	
73	0.000642546	2.16423e-006	0.00673638	5.85081e-013	2.56028e-005	8.35584e-006	
83	0.0261269	4.06449e-006	0.0542227	6.5301e-013	2.70127e-005	3.6032e-005	
93	0.0117097	1.55854e-006	0.0540604	2.24629e-006	1.98749e-005	0.000581422	
103	0.103812	5.62571e-006	0.127575	9.4556e-013	0.00010809	0.00167619	
113	0.0280209	0.000560189	0.0200618	3.10511e-013	0.000830116	0.00178815	
123	0.120559	0.00568678	0.206148	8.16138e-013	0.00395488	0.00509123	
"Gaussian blur"
Argument	"AKAZE"	"BRISK"	"KAZE"	"ORB"	"SIFT"	"SURF"	
1	0.0151139	0.118589	0.00951946	1.16415e-012	0.0250397	0.0186855	
2	0.0278332	0.254999	0.0332179	2.07596e-012	0.0137122	0.0300684	
3	0.0381722	0.481976	0.0577335	2.92808e-013	0.116628	0.075489	
4	0.0340698	0.178764	0.0304412	0.71453	0.136063	0.0610498	
5	0.036369	0.0391734	0.0473794	0.705135	0.106813	0.217244	
6	0.104543	0.720438	0.0269227	0.436705	0.231271	0.0652638	
7	0.137531	1	0.00743448	1	0.325357	0.506496	
8	0.0511861	0.875536	0.374808	1	0.231101	0.487324	
9	0.219033	1	0.747968	1	0.531337	0.290894	
"Rotation"
Argument	"AKAZE"	"BRISK"	"KAZE"	"ORB"	"SIFT"	"SURF"	
0	1.9963e-012	3.86318e-013	2.8027e-013	3.36753e-013	2.18284e-013	7.60746e-015	
10	0.0526052	0.0968547	0.0584202	0.0520408	0.0452899	0.05367	
20	0.0381794	0.064315	0.0148799	1	0.102136	0.512083	
30	0.0532479	0.130106	0.0767342	1	0.1515	0.100976	
40	0.581618	0.176034	0.104522	0.56106	0.207423	0.732339	
50	0.11118	0.0644047	0.0420271	0.343637	0.271497	0.292895	
60	0.0844632	0.0641162	0.167967	0.820717	0.344784	0.560571	
70	0.0628463	0.160709	0.0560355	0.866982	0.386206	0.296827	
80	0.0220446	0.139168	0.0625198	1	0.436474	0.383996	
90	0.00162748	0.111161	0.00633891	0.304206	0.500012	3.26048e-006	
100	0.0756735	0.234793	0.00978037	0.695984	0.523084	0.058823	
110	0.0471493	0.285128	0.0381669	0.806342	0.594152	0.686489	
120	0.0671052	0.0989122	0.0788071	1	0.579786	0.152272	
130	0.0139927	0.134333	0.130243	0.770031	0.604083	0.414847	
140	0.0321021	0.0865334	0.111865	0.313097	0.608143	0.0683739	
150	0.0365939	0.0566059	0.0221723	1	0.58956	0.249839	
160	0.0161244	0.0740733	0.00423284	0.880087	0.563769	0.118856	
170	0.109948	0.0763853	0.0523067	1	0.538134	0.180969	
180	5.38895e-005	0.0670591	0.00164403	1	0.499997	1.48791e-006	
190	0.0855	0.119213	0.0422664	0.396893	0.550986	0.138215	
200	0.0534759	0.0699025	0.0261421	0.396896	0.568903	0.153375	
210	0.0626069	0.0683581	0.0237034	0.272251	0.592439	0.204776	
220	0.198042	0.0813274	0.0951706	1	0.575808	0.436726	
230	0.111325	0.145012	0.138811	1	0.597586	1	
240	0.222595	0.20327	0.0574382	0.83696	0.593076	0.0714902	
250	0.15663	0.238604	0.111481	0.560887	0.597475	0.237016	
260	0.0315598	0.27794	0.0765817	0.844364	0.546377	0.171679	
270	0.00160901	0.133153	0.00367562	0.373569	0.49999	2.73186e-006	
280	0.0892625	0.276449	0.0651395	1	0.459594	0.0843052	
290	0.0382759	0.203487	0.0780225	0.911896	0.379618	0.219218	
300	0.0252482	0.0911765	0.0378371	0.485616	0.344575	0.289181	
310	0.0560867	0.155241	0.0443557	0.628318	0.291584	1	
320	0.0531394	0.438522	0.0705255	1	0.20696	0.165608	
330	0.141422	0.0701251	0.04858	0.496715	0.179656	0.149603	
340	0.115917	0.203409	0.103121	0.554925	0.112614	0.0352382	
350	0.031568	0.762554	0.0817402	0.201554	0.0381872	0.250905	
360	1.91057e-012	3.14633e-013	2.86905e-013	4.59218e-013	3.04009e-013	1.2279e-013	
"Scaling"
Argument	"AKAZE"	"BRISK"	"KAZE"	"ORB"	"SIFT"	"SURF"	
0.25	0.988111	1	0.518844	1	0.180332	0.436363	
0.35	0.448905	0.722254	0.234217	1	0.200874	0.0832978	
0.45	0.462192	0.604457	0.705127	1	0.209724	0.58789	
0.55	0.37614	0.395266	0.355916	1	0.183038	0.278745	
0.65	0.158629	0.178146	0.229703	0.402914	0.0819818	0.308543	
0.75	0.223285	0.438672	0.209036	0.169654	0.0714013	0.11676	
0.85	0.0836156	0.136804	0.160168	0.692368	0.0508258	0.179933	
0.95	0.0513977	0.369771	0.0710679	0.660912	0.0292614	0.0296842	
1.05	0.175442	0.0717034	0.0226127	0.341507	0.00886185	0.014927	
1.15	0.686143	0.0238396	0.187303	0.445984	0.0405526	0.0640454	
1.25	0.135287	0.19729	0.0512504	1	0.066952	0.139773	
1.35	0.209983	0.944445	0.238059	0.544162	0.071684	0.229704	
1.45	0.526741	0.132116	0.118829	1	0.105535	0.317686	
1.55	0.735974	0.217785	0.463281	0.781727	0.125167	0.399936	
1.65	1	0.2086	0.32325	0.563885	0.126626	0.38806	
1.75	1	0.547914	0.538608	1	0.184239	0.478673	
1.85	0.561545	0.365695	0.575789	0.871565	0.236227	0.398258	
1.95	0.730044	0.199158	0.799191	1	0.249327	0.466076	

